# ---- PREVIOUS RUN: 250 samples @ 25 Hz ----
# BUILD Sep 14 2026 02:45:12
# gyro_bias -1.5680
# offset 0.0365  K 13.703 0.879 0.405 16.000  GYRO_LPF 0.15
# U_MAX 11.10  K3_FAST 26.0  V_BLEND 0.15  SCHED 1
# t_ms,e,u
0,-0.0365,-0.612
40,-0.0271,-0.740
80,-0.0214,-0.757
120,-0.0133,-0.711
160,-0.0038,-0.490
200,0.0059,-0.334
240,0.0124,-0.098
280,0.0151,0.050
320,0.0118,0.048
360,0.0060,-0.035
400,0.0002,-0.107
440,-0.0040,-0.198
480,-0.0051,-0.248
520,-0.0050,-0.223
560,-0.0024,-0.254
600,0.0020,-0.174
640,0.0081,-0.093
680,0.0115,0.159
720,0.0145,0.559
760,0.0207,0.836
800,0.0183,0.848
840,0.0134,0.907
880,0.0090,0.896
920,0.0005,0.644
960,-0.0062,0.436
1000,-0.0128,0.236
1040,-0.0191,-0.180
1080,-0.0209,-0.501
1120,-0.0270,-1.004
1160,-0.0265,-1.159
1200,-0.0233,-1.205
1240,-0.0216,-1.417
1280,-0.0195,-1.471
1320,-0.0160,-1.507
1360,-0.0129,-1.343
1400,-0.0087,-1.301
1440,-0.0076,-1.317
1480,-0.0054,-1.374
1520,-0.0054,-1.325
1560,-0.0028,-1.259
1600,-0.0021,-1.116
1640,-0.0004,-1.140
1680,0.0013,-1.086
1720,0.0033,-0.930
1760,0.0054,-0.852
1800,0.0085,-0.853
1840,0.0080,-0.681
1880,0.0093,-0.614
1920,0.0116,-0.472
1960,0.0142,-0.280
2000,0.0177,-0.107
2040,0.0210,0.151
2080,0.0199,0.477
2120,0.0207,0.670
2160,0.0166,0.779
2200,0.0099,0.679
2240,0.0060,0.685
2280,0.0008,0.628
2320,-0.0034,0.410
2360,-0.0073,0.274
2400,-0.0121,0.089
2440,-0.0142,-0.032
2480,-0.0126,-0.256
2520,-0.0143,-0.537
2560,-0.0209,-0.828
2600,-0.0149,-0.870
2640,-0.0071,-0.790
2680,0.0003,-0.692
2720,0.0058,-0.573
2760,0.0120,-0.302
2800,0.0164,-0.111
2840,0.0219,0.188
2880,0.0218,0.515
2920,0.0284,0.950
2960,0.0214,0.914
3000,0.0155,0.879
3040,0.0075,0.770
3080,0.0018,0.689
3120,-0.0055,0.532
3160,-0.0118,0.250
3200,-0.0171,0.067
3240,-0.0188,-0.346
3280,-0.0243,-0.811
3320,-0.0258,-1.022
3360,-0.0196,-1.076
3400,-0.0137,-1.034
3440,-0.0092,-1.099
3480,-0.0032,-0.960
3520,0.0004,-0.871
3560,0.0024,-0.773
3600,0.0048,-0.708
3640,0.0072,-0.623
3680,0.0105,-0.489
3720,0.0138,-0.205
3760,0.0182,-0.055
3800,0.0205,0.204
3840,0.0225,0.684
3880,0.0228,0.907
3920,0.0184,0.870
3960,0.0137,0.999
4000,0.0105,0.930
4040,0.0057,0.915
4080,0.0022,0.801
4120,-0.0027,0.601
4160,-0.0073,0.542
4200,-0.0114,0.276
4240,-0.0133,0.242
4280,-0.0168,-0.049
4320,-0.0152,-0.280
4360,-0.0162,-0.657
4400,-0.0158,-0.790
4440,-0.0107,-0.775
4480,-0.0045,-0.714
4520,-0.0006,-0.678
4560,0.0035,-0.547
4600,0.0069,-0.501
4640,0.0098,-0.400
4680,0.0122,-0.139
4720,0.0167,-0.106
4760,0.0177,0.170
4800,0.0189,0.551
4840,0.0180,0.722
4880,0.0122,0.742
4920,0.0073,0.699
4960,0.0005,0.646
5000,-0.0036,0.436
5040,-0.0076,0.288
5080,-0.0123,0.126
5120,-0.0164,-0.078
5160,-0.0153,-0.462
5200,-0.0196,-0.785
5240,-0.0162,-0.794
5280,-0.0083,-0.795
5320,-0.0012,-0.667
5360,0.0028,-0.619
5400,0.0072,-0.504
5440,0.0102,-0.254
5480,0.0148,-0.125
5520,0.0172,0.138
5560,0.0183,0.448
5600,0.0266,0.915
5640,0.0212,1.016
5680,0.0137,0.884
5720,0.0078,0.909
5760,0.0017,0.787
5800,-0.0050,0.564
5840,-0.0108,0.389
5880,-0.0174,0.129
5920,-0.0202,-0.251
5960,-0.0216,-0.692
6000,-0.0234,-0.979
6040,-0.0150,-0.935
6080,-0.0121,-1.024
6120,-0.0087,-1.016
6160,-0.0049,-0.984
6200,-0.0009,-0.823
6240,0.0018,-0.874
6280,0.0075,-0.627
6320,0.0125,-0.512
6360,0.0166,-0.199
6400,0.0214,0.047
6440,0.0211,0.320
6480,0.0228,0.678
6520,0.0191,0.846
6560,0.0127,0.932
6600,0.0089,0.944
6640,0.0053,0.900
6680,0.0062,0.982
6720,0.0028,0.871
6760,-0.0010,0.789
6800,-0.0031,0.634
6840,-0.0054,0.560
6880,-0.0099,0.320
6920,-0.0147,0.083
6960,-0.0203,-0.294
7000,-0.0224,-0.720
7040,-0.0300,-1.008
7080,-0.0255,-1.238
7120,-0.0193,-1.260
7160,-0.0152,-1.321
7200,-0.0114,-1.303
7240,-0.0095,-1.271
7280,-0.0070,-1.196
7320,-0.0052,-1.161
7360,-0.0015,-1.101
7400,0.0018,-0.971
7440,0.0072,-0.777
7480,0.0119,-0.595
7520,0.0149,-0.494
7560,0.0196,-0.271
7600,0.0243,0.081
7640,0.0228,0.411
7680,0.0309,0.935
7720,0.0298,1.025
7760,0.0238,1.041
7800,0.0146,1.016
7840,0.0070,1.018
7880,0.0019,0.785
7920,-0.0018,0.672
7960,-0.0075,0.518
8000,-0.0129,0.331
8040,-0.0193,0.069
8080,-0.0224,-0.340
8120,-0.0236,-0.711
8160,-0.0213,-0.877
8200,-0.0163,-0.937
8240,-0.0108,-0.927
8280,-0.0047,-0.872
8320,0.0007,-0.819
8360,0.0043,-0.604
8400,0.0099,-0.467
8440,0.0148,-0.279
8480,0.0177,-0.049
8520,0.0188,0.144
8560,0.0179,0.517
8600,0.0162,0.597
8640,0.0105,0.671
8680,0.0047,0.599
8720,-0.0019,0.504
8760,-0.0078,0.344
8800,-0.0131,0.160
8840,-0.0168,-0.046
8880,-0.0157,-0.343
8920,-0.0145,-0.639
8960,-0.0101,-0.558
9000,-0.0004,-0.440
9040,0.0084,-0.288
9080,0.0164,-0.018
9120,0.0175,0.151
9160,0.0178,0.440
9200,0.0219,0.738
9240,0.0167,0.746
9280,0.0062,0.689
9320,-0.0016,0.561
9360,-0.0094,0.362
9400,-0.0164,0.095
9440,-0.0187,-0.195
9480,-0.0202,-0.638
9520,-0.0211,-0.863
9560,-0.0129,-0.766
9600,-0.0052,-0.735
9640,0.0030,-0.463
9680,0.0113,-0.340
9720,0.0168,-0.116
9760,0.0197,0.173
9800,0.0213,0.561
9840,0.0244,0.881
9880,0.0167,0.885
9920,0.0112,0.841
9960,0.0074,0.891
# ---- END ----
# TEST MODE - 10 s @ 25 Hz, one run
