# ---- PREVIOUS RUN: 250 samples @ 25 Hz ----
# BUILD Sep 14 2026 02:07:17
# gyro_bias -1.3930
# offset 0.0365  K 13.703 0.879 0.405 16.000  GYRO_LPF 0.15
# U_MAX 11.10  K3_FAST 26.0  V_BLEND 0.15  SCHED 0
# t_ms,e,u
0,-0.0006,-0.038
40,-0.0021,-0.047
80,-0.0038,-0.066
120,-0.0043,-0.068
160,-0.0049,-0.083
200,-0.0066,-0.131
240,-0.0077,-0.272
280,-0.0051,-0.380
320,-0.0025,-0.347
360,0.0016,-0.320
400,0.0033,-0.233
440,0.0058,-0.137
480,0.0110,0.024
520,0.0106,0.104
560,0.0118,0.272
600,0.0055,0.305
640,-0.0055,0.003
680,-0.0163,-0.425
720,-0.0208,-0.590
760,-0.0095,-0.398
800,0.0018,-0.177
840,0.0149,0.150
880,0.0175,0.475
920,0.0263,0.854
960,0.0194,0.824
1000,0.0094,0.588
1040,0.0002,0.385
1080,-0.0097,0.104
1120,-0.0143,-0.116
1160,-0.0146,-0.329
1200,-0.0155,-0.539
1240,-0.0123,-0.583
1280,-0.0056,-0.499
1320,-0.0001,-0.351
1360,0.0044,-0.292
1400,0.0096,-0.087
1440,0.0135,0.087
1480,0.0144,0.357
1520,0.0171,0.730
1560,0.0144,0.751
1600,0.0090,0.658
1640,0.0044,0.603
1680,0.0006,0.453
1720,-0.0025,0.458
1760,-0.0048,0.290
1800,-0.0064,0.311
1840,-0.0086,0.247
1880,-0.0124,0.072
1920,-0.0102,-0.050
1960,-0.0079,-0.073
2000,-0.0073,-0.097
2040,-0.0075,-0.286
2080,-0.0105,-0.449
2120,-0.0064,-0.415
2160,0.0024,-0.283
2200,0.0088,-0.170
2240,0.0125,0.089
2280,0.0129,0.343
2320,0.0186,0.646
2360,0.0147,0.621
2400,0.0071,0.571
2440,0.0003,0.458
2480,-0.0062,0.221
2520,-0.0109,0.111
2560,-0.0156,-0.114
2600,-0.0139,-0.329
2640,-0.0150,-0.582
2680,-0.0088,-0.483
2720,-0.0009,-0.404
2760,0.0057,-0.232
2800,0.0111,0.012
2840,0.0117,0.153
2880,0.0150,0.484
2920,0.0158,0.647
2960,0.0095,0.520
3000,0.0049,0.559
3040,-0.0005,0.465
3080,-0.0058,0.265
3120,-0.0099,0.157
3160,-0.0152,-0.042
3200,-0.0130,-0.229
3240,-0.0132,-0.432
3280,-0.0131,-0.583
3320,-0.0060,-0.503
3360,0.0009,-0.274
3400,0.0068,-0.149
3440,0.0113,0.036
3480,0.0110,0.238
3520,0.0123,0.464
3560,0.0129,0.603
3600,0.0069,0.539
3640,0.0005,0.434
3680,-0.0045,0.308
3720,-0.0079,0.289
3760,-0.0122,0.028
3800,-0.0130,-0.086
3840,-0.0120,-0.313
3880,-0.0159,-0.548
3920,-0.0139,-0.597
3960,-0.0059,-0.488
4000,0.0013,-0.236
4040,0.0076,-0.090
4080,0.0121,0.106
4120,0.0138,0.484
4160,0.0233,0.893
4200,0.0194,0.854
4240,0.0134,0.814
4280,0.0112,0.730
4320,0.0092,0.741
4360,0.0045,0.652
4400,0.0010,0.591
4440,-0.0018,0.425
4480,-0.0028,0.442
4520,-0.0041,0.375
4560,-0.0093,0.129
4600,-0.0141,-0.042
4640,-0.0136,-0.252
4680,-0.0172,-0.657
4720,-0.0206,-0.817
4760,-0.0142,-0.717
4800,-0.0103,-0.593
4840,-0.0055,-0.591
4880,-0.0017,-0.534
4920,-0.0004,-0.465
4960,0.0035,-0.298
5000,0.0068,-0.205
5040,0.0122,0.019
5080,0.0122,0.168
5120,0.0148,0.599
5160,0.0173,0.696
5200,0.0120,0.681
5240,0.0083,0.727
5280,0.0052,0.622
5320,0.0031,0.523
5360,0.0004,0.475
5400,-0.0020,0.454
5440,-0.0064,0.342
5480,-0.0098,0.121
5520,-0.0143,-0.056
5560,-0.0131,-0.147
5600,-0.0143,-0.482
5640,-0.0181,-0.685
5680,-0.0133,-0.668
5720,-0.0070,-0.543
5760,-0.0033,-0.510
5800,0.0007,-0.387
5840,0.0052,-0.226
5880,0.0095,-0.055
5920,0.0107,0.049
5960,0.0107,0.229
6000,0.0128,0.595
6040,0.0144,0.711
6080,0.0081,0.569
6120,0.0036,0.572
6160,-0.0004,0.478
6200,-0.0043,0.371
6240,-0.0074,0.234
6280,-0.0117,0.058
6320,-0.0131,-0.098
6360,-0.0125,-0.347
6400,-0.0157,-0.579
6440,-0.0144,-0.655
6480,-0.0076,-0.606
6520,-0.0033,-0.456
6560,0.0022,-0.322
6600,0.0054,-0.301
6640,0.0077,-0.187
6680,0.0115,-0.025
6720,0.0099,0.098
6760,0.0101,0.301
6800,0.0142,0.589
6840,0.0122,0.601
6880,0.0052,0.574
6920,0.0004,0.479
6960,-0.0054,0.316
7000,-0.0087,0.179
7040,-0.0123,0.027
7080,-0.0136,-0.114
7120,-0.0134,-0.400
7160,-0.0187,-0.752
7200,-0.0143,-0.666
7240,-0.0097,-0.538
7280,-0.0031,-0.452
7320,0.0015,-0.418
7360,0.0061,-0.254
7400,0.0095,-0.096
7440,0.0126,0.106
7480,0.0130,0.433
7520,0.0187,0.770
7560,0.0157,0.788
7600,0.0102,0.704
7640,0.0060,0.639
7680,0.0020,0.528
7720,-0.0016,0.466
7760,-0.0044,0.366
7800,-0.0085,0.205
7840,-0.0138,0.009
7880,-0.0154,-0.283
7920,-0.0179,-0.564
7960,-0.0207,-0.723
8000,-0.0130,-0.716
8040,-0.0081,-0.658
8080,-0.0047,-0.590
8120,-0.0019,-0.458
8160,-0.0005,-0.470
8200,0.0033,-0.279
8240,0.0090,-0.172
8280,0.0130,0.075
8320,0.0130,0.365
8360,0.0196,0.735
8400,0.0187,0.818
8440,0.0118,0.716
8480,0.0079,0.747
8520,0.0068,0.719
8560,0.0031,0.690
8600,0.0021,0.611
8640,-0.0019,0.410
8680,-0.0044,0.304
8720,-0.0073,0.286
8760,-0.0112,0.096
8800,-0.0142,-0.052
8840,-0.0133,-0.223
8880,-0.0145,-0.572
8920,-0.0162,-0.641
8960,-0.0097,-0.618
9000,-0.0034,-0.415
9040,0.0002,-0.360
9080,0.0036,-0.340
9120,0.0073,-0.167
9160,0.0128,0.000
9200,0.0111,0.118
9240,0.0118,0.455
9280,0.0187,0.752
9320,0.0116,0.587
9360,0.0049,0.535
9400,-0.0019,0.418
9440,-0.0062,0.231
9480,-0.0118,0.032
9520,-0.0148,-0.247
9560,-0.0161,-0.492
9600,-0.0203,-0.792
9640,-0.0144,-0.722
9680,-0.0088,-0.566
9720,-0.0044,-0.498
9760,-0.0018,-0.444
9800,0.0032,-0.328
9840,0.0065,-0.207
9880,0.0114,-0.040
9920,0.0104,0.064
9960,0.0092,0.208
# ---- END ----
# TEST MODE - 10 s @ 25 Hz, one run
