# ---- PREVIOUS RUN: 250 samples @ 25 Hz ----
# BUILD Sep 14 2026 02:10:07
# gyro_bias -1.5472
# offset 0.0365  K 13.703 0.879 0.405 27.000  GYRO_LPF 0.15
# U_MAX 11.10  K3_FAST 26.0  V_BLEND 0.15  SCHED 0
# t_ms,e,u
0,-0.0378,-0.987
40,-0.0328,-1.361
80,-0.0168,-1.399
120,0.0017,-1.274
160,0.0184,-0.971
200,0.0351,-0.632
240,0.0518,0.035
280,0.0636,0.814
320,0.0735,1.860
360,0.0449,2.076
400,0.0162,1.862
440,-0.0122,1.478
480,-0.0384,0.819
520,-0.0624,0.050
560,-0.0823,-1.546
600,-0.0953,-2.894
640,-0.0847,-3.822
680,-0.0663,-4.397
720,-0.0440,-4.928
760,-0.0094,-4.768
800,0.0155,-4.522
840,0.0387,-4.175
880,0.0664,-3.494
920,0.0920,-2.396
960,0.1152,-1.261
1000,0.1255,-0.249
1040,0.1316,1.307
1080,0.1235,2.635
1120,0.1057,3.617
1160,0.0845,4.428
1200,0.0543,4.690
1240,0.0244,4.847
1280,-0.0069,4.540
1320,-0.0390,4.039
1360,-0.0655,3.262
1400,-0.0905,2.370
1440,-0.1105,1.160
1480,-0.1283,-0.160
1520,-0.1322,-1.782
1560,-0.1181,-3.101
1600,-0.0941,-3.982
1640,-0.0676,-4.290
1680,-0.0364,-4.531
1720,0.0010,-4.257
1760,0.0344,-3.623
1800,0.0639,-2.999
1840,0.0923,-1.792
1880,0.1218,-0.492
1920,0.1325,0.875
1960,0.1257,2.312
2000,0.1109,3.322
2040,0.0862,4.010
2080,0.0580,4.442
2120,0.0272,4.587
2160,-0.0073,4.237
2200,-0.0398,3.707
2240,-0.0688,2.778
2280,-0.0915,1.805
2320,-0.1105,0.596
2360,-0.1326,-1.009
2400,-0.1299,-2.574
2440,-0.1148,-3.568
2480,-0.0954,-4.575
2520,-0.0668,-5.126
2560,-0.0315,-5.232
2600,0.0058,-4.911
2640,0.0343,-4.496
2680,0.0643,-3.685
2720,0.0977,-2.587
2760,0.1207,-1.374
2800,0.1336,-0.138
2840,0.1389,1.384
2880,0.1294,2.889
2920,0.1113,3.993
2960,0.0860,4.744
3000,0.0589,5.171
3040,0.0283,5.299
3080,-0.0048,5.073
3120,-0.0371,4.420
3160,-0.0674,3.642
3200,-0.0924,2.598
3240,-0.1135,1.448
3280,-0.1381,-0.149
3320,-0.1441,-1.926
3360,-0.1313,-3.405
3400,-0.1123,-4.432
3440,-0.0877,-5.194
3480,-0.0531,-5.386
3520,-0.0214,-5.555
3560,0.0159,-5.146
3600,0.0429,-4.799
3640,0.0706,-4.003
3680,0.1022,-2.856
3720,0.1213,-1.718
3760,0.1331,-0.579
3800,0.1417,0.973
3840,0.1338,2.614
3880,0.1167,3.691
3920,0.0962,4.617
3960,0.0670,5.139
4000,0.0381,5.283
4040,0.0023,5.199
4080,-0.0305,4.645
4120,-0.0618,3.871
4160,-0.0869,3.060
4200,-0.1076,1.811
4240,-0.1292,0.578
4280,-0.1439,-1.138
4320,-0.1355,-2.485
4360,-0.1193,-3.766
4400,-0.0917,-4.540
4440,-0.0604,-4.906
4480,-0.0311,-5.218
4520,0.0028,-4.963
4560,0.0353,-4.502
4600,0.0638,-3.648
4640,0.0924,-2.637
4680,0.1139,-1.549
4720,0.1269,-0.504
4760,0.1359,1.038
4800,0.1300,2.612
4840,0.1151,3.824
4880,0.0938,4.647
4920,0.0683,5.320
4960,0.0402,5.563
5000,0.0066,5.348
5040,-0.0271,4.936
5080,-0.0597,4.164
5120,-0.0891,3.079
5160,-0.1111,1.970
5200,-0.1340,0.440
5240,-0.1508,-1.291
5280,-0.1428,-2.950
5320,-0.1228,-4.083
5360,-0.0998,-5.004
5400,-0.0711,-5.660
5440,-0.0379,-5.933
5480,-0.0016,-5.623
5520,0.0321,-5.227
5560,0.0582,-4.736
5600,0.0870,-3.865
5640,0.1146,-2.551
5680,0.1342,-1.324
5720,0.1454,-0.155
5760,0.1486,1.677
5800,0.1372,3.096
5840,0.1190,4.318
5880,0.0905,4.963
5920,0.0625,5.537
5960,0.0306,5.745
6000,-0.0024,5.519
6040,-0.0373,4.939
6080,-0.0679,4.187
6120,-0.0926,3.274
6160,-0.1144,2.147
6200,-0.1379,0.716
6240,-0.1537,-0.964
6280,-0.1419,-2.579
6320,-0.1248,-3.760
6360,-0.1010,-4.654
6400,-0.0715,-5.173
6440,-0.0364,-5.326
6480,-0.0059,-5.269
6520,0.0337,-4.709
6560,0.0646,-4.017
6600,0.0954,-2.833
6640,0.1244,-1.605
6680,0.1389,-0.205
6720,0.1483,1.500
6760,0.1412,2.996
6800,0.1254,4.356
6840,0.1029,5.356
6880,0.0738,6.010
6920,0.0421,6.318
6960,0.0117,6.181
7000,-0.0249,5.689
7040,-0.0567,5.173
7080,-0.0857,4.126
7120,-0.1140,2.969
7160,-0.1458,1.273
7200,-0.1653,-0.430
7240,-0.1609,-2.212
7280,-0.1442,-3.697
7320,-0.1217,-4.760
7360,-0.0890,-5.453
7400,-0.0586,-5.889
7440,-0.0261,-5.998
7480,0.0089,-5.800
7520,0.0414,-5.164
7560,0.0755,-4.243
7600,0.1102,-3.154
7640,0.1291,-1.849
7680,0.1451,-0.441
7720,0.1553,1.109
7760,0.1468,2.858
7800,0.1286,4.067
7840,0.1035,4.943
7880,0.0744,5.531
7920,0.0413,5.770
7960,0.0067,5.581
8000,-0.0267,5.343
8040,-0.0570,4.585
8080,-0.0895,3.616
8120,-0.1150,2.363
8160,-0.1483,0.698
8200,-0.1620,-1.022
8240,-0.1496,-2.584
8280,-0.1278,-3.806
8320,-0.0983,-4.694
8360,-0.0639,-4.936
8400,-0.0316,-5.149
8440,0.0015,-4.942
8480,0.0337,-4.620
8520,0.0646,-3.771
8560,0.0895,-2.705
8600,0.1251,-1.412
8640,0.1355,-0.319
8680,0.1396,1.356
8720,0.1307,2.863
8760,0.1119,3.874
8800,0.0848,4.471
8840,0.0546,4.867
8880,0.0245,4.948
8920,-0.0073,4.798
8960,-0.0386,4.270
9000,-0.0702,3.356
9040,-0.0968,2.259
9080,-0.1218,0.906
9120,-0.1499,-0.829
9160,-0.1440,-2.610
9200,-0.1276,-3.788
9240,-0.1013,-4.649
9280,-0.0690,-5.134
9320,-0.0341,-5.325
9360,-0.0013,-5.286
9400,0.0299,-4.807
9440,0.0592,-4.199
9480,0.0834,-3.386
9520,0.1100,-2.172
9560,0.1292,-0.899
9600,0.1399,0.461
9640,0.1371,1.971
9680,0.1227,3.217
9720,0.1021,4.268
9760,0.0729,4.782
9800,0.0392,5.141
9840,0.0095,5.045
9880,-0.0196,4.644
9920,-0.0471,4.146
9960,-0.0731,3.399
# ---- END ----
# TEST MODE - 10 s @ 25 Hz, one run
