# ---- PREVIOUS RUN: 183 samples @ 25 Hz ----
# BUILD Sep 14 2026 02:37:35
# gyro_bias -1.5438
# offset 0.0365  K 13.703 0.879 0.405 16.000  GYRO_LPF 0.15
# U_MAX 11.10  K3_FAST 26.0  V_BLEND 0.15  SCHED 0
# t_ms,e,u
0,-0.0471,-0.959
40,-0.0433,-1.172
80,-0.0368,-1.300
120,-0.0320,-1.302
160,-0.0301,-1.360
200,-0.0273,-1.320
240,-0.0266,-1.406
280,-0.0126,-0.955
320,-0.0009,-0.640
360,0.0059,-0.406
400,0.0071,-0.333
440,0.0076,-0.263
480,0.0081,-0.264
520,0.0121,-0.068
560,0.0106,0.055
600,0.0104,0.072
640,0.0088,0.023
680,0.0029,-0.101
720,-0.0015,-0.280
760,-0.0036,-0.389
800,-0.0078,-0.487
840,-0.0116,-0.652
880,-0.0131,-0.799
920,-0.0179,-0.914
960,-0.0189,-0.984
1000,-0.0187,-0.956
1040,-0.0206,-1.039
1080,-0.0233,-1.147
1120,-0.0234,-1.128
1160,-0.0229,-1.057
1200,-0.0166,-0.869
1240,-0.0061,-0.647
1280,0.0041,-0.379
1320,0.0149,-0.121
1360,0.0134,-0.072
1400,0.0087,-0.013
1440,0.0061,-0.016
1480,0.0042,-0.025
1520,0.0009,-0.073
1560,-0.0012,-0.085
1600,-0.0033,-0.114
1640,-0.0040,-0.114
1680,-0.0053,-0.237
1720,-0.0006,-0.173
1760,0.0068,-0.075
1800,0.0080,0.061
1840,0.0091,0.114
1880,0.0101,0.309
1920,0.0112,0.515
1960,0.0036,0.350
2000,-0.0054,0.109
2040,-0.0125,-0.094
2080,-0.0146,-0.490
2120,-0.0214,-0.909
2160,-0.0192,-0.916
2200,-0.0119,-0.792
2240,-0.0044,-0.631
2280,0.0015,-0.498
2320,0.0049,-0.453
2360,0.0092,-0.262
2400,0.0117,-0.188
2440,0.0151,-0.071
2480,0.0145,0.095
2520,0.0133,0.296
2560,0.0150,0.488
2600,0.0106,0.537
2640,0.0028,0.434
2680,-0.0034,0.221
2720,-0.0092,0.010
2760,-0.0123,-0.259
2800,-0.0141,-0.573
2840,-0.0187,-0.794
2880,-0.0107,-0.684
2920,-0.0072,-0.653
2960,-0.0026,-0.562
3000,0.0011,-0.414
3040,0.0040,-0.341
3080,0.0081,-0.186
3120,0.0134,-0.107
3160,0.0150,0.120
3200,0.0144,0.336
3240,0.0176,0.599
3280,0.0155,0.602
3320,0.0080,0.544
3360,0.0006,0.345
3400,-0.0062,0.227
3440,-0.0130,-0.058
3480,-0.0127,-0.273
3520,-0.0146,-0.627
3560,-0.0175,-0.738
3600,-0.0098,-0.655
3640,-0.0041,-0.508
3680,-0.0003,-0.464
3720,0.0044,-0.352
3760,0.0096,-0.187
3800,0.0151,-0.023
3840,0.0150,0.091
3880,0.0139,0.296
3920,0.0170,0.606
3960,0.0191,0.608
4000,0.0109,0.552
4040,-0.0005,0.354
4080,-0.0087,0.135
4120,-0.0139,-0.128
4160,-0.0155,-0.541
4200,-0.0222,-0.849
4240,-0.0190,-0.885
4280,-0.0117,-0.814
4320,-0.0081,-0.719
4360,-0.0053,-0.673
4400,-0.0039,-0.652
4440,-0.0030,-0.679
4480,-0.0003,-0.653
4520,-0.0006,-0.637
4560,-0.0002,-0.616
4600,0.0004,-0.583
4640,0.0008,-0.619
4680,0.0038,-0.447
4720,0.0043,-0.475
4760,0.0060,-0.418
4800,0.0097,-0.280
4840,0.0140,-0.107
4880,0.0178,0.032
4920,0.0159,0.224
4960,0.0166,0.519
5000,0.0185,0.647
5040,0.0126,0.613
5080,0.0053,0.479
5120,0.0007,0.339
5160,-0.0049,0.150
5200,-0.0100,-0.022
5240,-0.0122,-0.349
5280,-0.0150,-0.633
5320,-0.0212,-0.956
5360,-0.0142,-0.786
5400,-0.0086,-0.735
5440,-0.0044,-0.652
5480,-0.0028,-0.655
5520,-0.0012,-0.630
5560,0.0012,-0.563
5600,0.0038,-0.461
5640,0.0031,-0.354
5680,0.0175,0.131
5720,0.0279,0.793
5760,0.0410,1.277
5800,0.0384,1.294
5840,0.0348,1.389
5880,0.0359,1.474
5920,0.0372,1.583
5960,0.0378,1.612
6000,0.0389,1.706
6040,0.0372,1.648
6080,0.0402,1.778
6120,0.0388,1.771
6160,0.0399,1.799
6200,0.0419,1.840
6240,0.0404,1.888
6280,0.0381,1.822
6320,0.0390,1.889
6360,0.0382,1.858
6400,0.0374,1.878
6440,0.0373,1.925
6480,0.0418,2.023
6520,0.0448,2.069
6560,0.0514,2.295
6600,0.0548,2.365
6640,0.0600,2.587
6680,0.0641,2.689
6720,0.0655,2.873
6760,0.0730,3.112
6800,0.0833,3.535
6840,0.0930,3.842
6880,0.1092,4.467
6920,0.1175,4.808
6960,0.1372,5.497
7000,0.1566,6.178
7040,0.1752,6.906
7080,0.2035,7.875
7120,0.2262,8.927
7160,0.2631,10.251
7200,0.3068,11.860
7240,0.3769,13.781
7280,0.4826,16.234
# ---- END ----
# TEST MODE - 10 s @ 25 Hz, one run
