# ---- PREVIOUS RUN: 250 samples @ 25 Hz ----
# BUILD Sep 14 2026 02:45:12
# gyro_bias -1.5270
# offset 0.0365  K 13.703 0.879 0.405 16.000  GYRO_LPF 0.15
# U_MAX 11.10  K3_FAST 26.0  V_BLEND 0.15  SCHED 1
# t_ms,e,u
0,0.0030,-0.081
40,-0.0021,-0.211
80,-0.0049,-0.371
120,-0.0094,-0.560
160,-0.0043,-0.506
200,0.0016,-0.410
240,0.0072,-0.214
280,0.0120,-0.104
320,0.0162,0.062
360,0.0152,0.247
400,0.0163,0.601
440,0.0146,0.677
480,0.0028,0.479
520,-0.0097,0.150
560,-0.0202,-0.149
600,-0.0218,-0.483
640,-0.0312,-1.054
680,-0.0240,-1.089
720,-0.0152,-0.938
760,-0.0046,-0.910
800,0.0048,-0.681
840,0.0119,-0.477
880,0.0186,-0.229
920,0.0239,0.138
960,0.0224,0.408
1000,0.0273,0.811
1040,0.0192,0.775
1080,0.0091,0.684
1120,0.0005,0.573
1160,-0.0104,0.311
1200,-0.0209,-0.116
1240,-0.0239,-0.630
1280,-0.0342,-1.178
1320,-0.0296,-1.332
1360,-0.0254,-1.547
1400,-0.0193,-1.483
1440,-0.0144,-1.645
1480,-0.0080,-1.556
1520,-0.0036,-1.434
1560,-0.0054,-1.423
1600,-0.0040,-1.523
1640,0.0028,-1.417
1680,0.0073,-1.255
1720,0.0063,-1.297
1760,0.0069,-1.077
1800,0.0062,-1.109
1840,0.0059,-1.033
1880,0.0077,-1.002
1920,0.0086,-0.879
1960,0.0111,-0.820
2000,0.0129,-0.602
2040,0.0138,-0.545
2080,0.0176,-0.394
2120,0.0198,-0.150
2160,0.0242,0.080
2200,0.0227,0.387
2240,0.0256,0.771
2280,0.0203,0.822
2320,0.0116,0.887
2360,0.0022,0.627
2400,-0.0046,0.468
2440,-0.0108,0.326
2480,-0.0164,0.078
2520,-0.0185,-0.201
2560,-0.0198,-0.595
2600,-0.0238,-0.919
2640,-0.0166,-0.902
2680,-0.0057,-0.763
2720,0.0047,-0.660
2760,0.0129,-0.380
2800,0.0192,-0.189
2840,0.0258,0.183
2880,0.0260,0.556
2920,0.0309,0.946
2960,0.0244,1.065
3000,0.0149,1.082
3040,0.0059,0.926
3080,-0.0031,0.678
3120,-0.0100,0.340
3160,-0.0179,0.075
3200,-0.0219,-0.330
3240,-0.0235,-0.729
3280,-0.0271,-1.047
3320,-0.0186,-1.049
3360,-0.0128,-1.123
3400,-0.0078,-0.979
3440,-0.0027,-0.989
3480,-0.0005,-0.896
3520,0.0049,-0.772
3560,0.0089,-0.639
3600,0.0133,-0.514
3640,0.0078,-0.292
3680,0.0282,0.480
3720,0.0494,1.436
3760,0.0651,2.294
3800,0.0639,2.868
3840,0.0597,3.500
3880,0.0485,3.952
3920,0.0407,4.329
3960,0.0244,4.634
4000,0.0050,4.473
4040,-0.0215,4.073
4080,-0.0474,3.355
4120,-0.0688,2.609
4160,-0.0857,1.344
4200,-0.1021,-0.032
4240,-0.1161,-1.574
4280,-0.1025,-2.180
4320,-0.0867,-2.753
4360,-0.0719,-3.228
4400,-0.0582,-3.855
4440,-0.0438,-4.189
4480,-0.0316,-4.561
4520,-0.0090,-4.555
4560,0.0086,-4.513
4600,0.0262,-4.197
4640,0.0351,-4.087
4680,0.0458,-3.669
4720,0.0569,-3.116
4760,0.0687,-2.484
4800,0.0776,-1.623
4840,0.0863,-0.658
4880,0.0949,0.522
4920,0.0782,0.960
4960,0.0596,1.219
5000,0.0437,1.264
5040,0.0306,1.384
5080,0.0194,1.219
5120,0.0100,1.077
5160,0.0023,0.943
5200,-0.0040,0.796
5240,-0.0074,0.565
5280,-0.0115,0.384
5320,-0.0166,0.230
5360,-0.0201,-0.123
5400,-0.0172,-0.462
5440,-0.0170,-0.765
5480,-0.0117,-0.692
5520,-0.0020,-0.599
5560,0.0057,-0.429
5600,0.0118,-0.368
5640,0.0172,-0.167
5680,0.0212,0.165
5720,0.0218,0.527
5760,0.0224,0.798
5800,0.0141,0.717
5840,0.0050,0.618
5880,-0.0030,0.509
5920,-0.0092,0.296
5960,-0.0159,-0.052
6000,-0.0151,-0.392
6040,-0.0191,-0.789
6080,-0.0368,-1.063
6120,0.0032,0.192
6160,0.0588,1.823
6200,0.0839,2.967
6240,0.0979,4.132
6280,0.1011,5.652
6320,0.0912,6.613
6360,0.0785,7.439
6400,0.0683,8.175
6440,0.0466,8.513
6480,0.0165,8.477
6520,-0.0032,8.416
6560,-0.0246,8.204
6600,-0.0457,7.623
6640,-0.0660,6.927
6680,-0.0853,6.316
6720,-0.1108,5.062
6760,-0.1301,3.923
6800,-0.1447,2.436
6840,-0.1558,1.065
6880,-0.1678,-1.101
6920,-0.1526,-2.292
6960,-0.1358,-3.166
7000,-0.1192,-4.168
7040,-0.0984,-5.208
7080,-0.0833,-5.993
7120,-0.0685,-6.551
7160,-0.0520,-7.086
7200,-0.0324,-7.232
7240,-0.0197,-7.588
7280,0.0089,-7.467
7320,0.0297,-7.196
7360,0.0451,-6.808
7400,0.0555,-6.478
7440,0.0643,-6.071
7480,0.0691,-5.721
7520,0.0766,-5.140
7560,0.0819,-4.527
7600,0.0883,-3.896
7640,0.0912,-3.347
7680,0.0946,-2.531
7720,0.1056,-1.480
7760,0.1048,-0.491
7800,0.1024,0.654
7840,0.0825,0.983
7880,0.0621,1.241
7920,0.0463,1.271
7960,0.0333,1.384
8000,0.0231,1.326
8040,0.0132,1.268
8080,0.0059,1.099
8120,0.0015,1.077
8160,-0.0016,0.888
8200,-0.0026,0.856
8240,-0.0024,0.792
8280,-0.0015,0.817
8320,-0.0016,0.686
8360,-0.0023,0.734
8400,-0.0030,0.680
8440,-0.0044,0.510
8480,-0.0067,0.561
8520,-0.0070,0.451
8560,-0.0087,0.373
8600,-0.0131,0.218
8640,-0.0162,-0.135
8680,-0.0156,-0.445
8720,-0.0201,-0.876
8760,-0.0160,-0.838
8800,-0.0082,-0.855
8840,-0.0006,-0.731
8880,0.0078,-0.529
8920,0.0155,-0.234
8960,0.0222,-0.006
9000,0.0240,0.459
9040,0.0284,0.949
9080,0.0237,1.049
9120,0.0176,1.065
9160,0.0136,0.999
9200,0.0100,1.026
9240,0.0030,0.856
9280,-0.0044,0.648
9320,-0.0106,0.470
9360,-0.0159,0.231
9400,-0.0409,-0.191
9440,0.0125,1.306
9480,0.0554,2.546
9520,0.0854,3.988
9560,0.1022,5.589
9600,0.1038,6.883
9640,0.0989,8.037
9680,0.0788,8.638
9720,0.0575,9.154
9760,0.0294,9.355
9800,0.0039,9.327
9840,-0.0194,9.179
9880,-0.0407,8.726
9920,-0.0562,8.214
9960,-0.0809,7.390
# ---- END ----
# TEST MODE - 10 s @ 25 Hz, one run
